# Matrix de Valores:
0 -2 -4 -6 -8 -10 -12 -14 -16 -18 -20 -22 -24 -26
-2 1 -1 -3 -5 -7 -9 -11 -13 -15 -17 -19 -21 -23
-4 -1 2 0 -2 -4 -6 -8 -10 -12 -14 -16 -18 -20
-6 -3 0 1 -1 -3 -5 -7 -9 -11 -13 -15 -17 -19
-8 -5 -2 -1 0 -2 -4 -6 -8 -10 -12 -14 -16 -18
-10 -7 -4 -1 0 -1 -3 -5 -7 -9 -11 -13 -15 -17
-12 -9 -6 -3 0 -1 -2 -4 -6 -8 -10 -12 -14 -16
-14 -11 -8 -5 -2 1 0 -2 -4 -6 -8 -10 -12 -14
-16 -13 -10 -7 -4 -1 0 1 -1 -3 -5 -7 -9 -11
-18 -15 -12 -9 -6 -3 -2 1 2 0 -2 -4 -6 -8
-20 -17 -14 -11 -8 -5 -4 -1 2 3 1 -1 -3 -5
