Min
Menor Valor:
5.051201
Indices del menor Valor en la Matriz: 
(3, 18)
Menor Valor:
5.89625
Indices del menor Valor en la Matriz: 
(9, 17)
Menor Valor:
6.107261
Indices del menor Valor en la Matriz: 
(5, 12)
Menor Valor:
6.208849
Indices del menor Valor en la Matriz: 
(2, 3)
Menor Valor:
6.36347
Indices del menor Valor en la Matriz: 
(17, 18)
Menor Valor:
6.449034
Indices del menor Valor en la Matriz: 
(5, 6)
Menor Valor:
6.549371
Indices del menor Valor en la Matriz: 
(14, 17)
Menor Valor:
7.833849
Indices del menor Valor en la Matriz: 
(13, 16)
Menor Valor:
8.018821
Indices del menor Valor en la Matriz: 
(3, 12)
Menor Valor:
8.041998
Indices del menor Valor en la Matriz: 
(9, 11)
Menor Valor:
8.500016
Indices del menor Valor en la Matriz: 
(10, 11)
Menor Valor:
9.025217
Indices del menor Valor en la Matriz: 
(11, 12)
Menor Valor:
10.938199
Indices del menor Valor en la Matriz: 
(3, 11)
Menor Valor:
12.379022
Indices del menor Valor en la Matriz: 
(2, 5)
Menor Valor:
12.757188
Indices del menor Valor en la Matriz: 
(2, 8)
Menor Valor:
13.973553
Indices del menor Valor en la Matriz: 
(5, 8)
Menor Valor:
13.985636
Indices del menor Valor en la Matriz: 
(5, 7)
Menor Valor:
14.26412
Indices del menor Valor en la Matriz: 
(1, 6)
Menor Valor:
14.332659
Indices del menor Valor en la Matriz: 
(4, 5)
Menor Valor:
14.563109
Indices del menor Valor en la Matriz: 
(0, 4)
Menor Valor:
16.365218
Indices del menor Valor en la Matriz: 
(0, 3)
Menor Valor:
19.156303
Indices del menor Valor en la Matriz: 
(0, 2)
Matrix cofenetica de Min
0.000000 14.563109 14.563109 14.563109 14.563109 14.563109 14.563109 14.563109 14.563109 14.563109 14.563109 14.563109 14.563109 16.365218 14.563109 14.563109 19.156303 23.603647 14.563109 14.563109 14.563109 14.563109 14.563109 14.563109
14.563109 0.000000 14.264120 14.264120 14.264120 14.332659 14.264120 14.264120 14.264120 14.264120 14.264120 14.264120 14.264120 16.365218 14.264120 14.332659 19.156303 23.603647 14.264120 14.264120 14.264120 14.264120 14.264120 14.264120
14.563109 14.264120 0.000000 9.025217 6.208849 14.332659 9.025217 13.985636 10.938199 9.025217 9.025217 9.025217 12.757188 16.365218 9.025217 14.332659 19.156303 23.603647 9.025217 9.025217 8.041998 13.973553 13.985636 9.025217
14.563109 14.264120 9.025217 0.000000 9.025217 14.332659 8.500016 13.985636 10.938199 6.549371 8.500016 6.549371 12.757188 16.365218 8.500016 14.332659 19.156303 23.603647 5.051201 8.500016 9.025217 13.973553 13.985636 7.833849
14.563109 14.264120 6.208849 9.025217 0.000000 14.332659 9.025217 13.985636 10.938199 9.025217 9.025217 9.025217 12.757188 16.365218 9.025217 14.332659 19.156303 23.603647 9.025217 9.025217 8.041998 13.973553 13.985636 9.025217
14.563109 14.332659 14.332659 14.332659 14.332659 0.000000 14.332659 14.332659 14.332659 14.332659 14.332659 14.332659 14.332659 16.365218 14.332659 12.379022 19.156303 23.603647 14.332659 14.332659 14.332659 14.332659 14.332659 14.332659
14.563109 14.264120 9.025217 8.500016 9.025217 14.332659 0.000000 13.985636 10.938199 8.500016 6.363470 8.500016 12.757188 16.365218 6.107261 14.332659 19.156303 23.603647 8.500016 6.363470 9.025217 13.973553 13.985636 8.500016
14.563109 14.264120 13.985636 13.985636 13.985636 14.332659 13.985636 0.000000 13.985636 13.985636 13.985636 13.985636 13.985636 16.365218 13.985636 14.332659 19.156303 23.603647 13.985636 13.985636 13.985636 13.985636 8.018821 13.985636
14.563109 14.264120 10.938199 10.938199 10.938199 14.332659 10.938199 13.985636 0.000000 10.938199 10.938199 10.938199 12.757188 16.365218 10.938199 14.332659 19.156303 23.603647 10.938199 10.938199 10.938199 13.973553 13.985636 10.938199
14.563109 14.264120 9.025217 6.549371 9.025217 14.332659 8.500016 13.985636 10.938199 0.000000 8.500016 6.449034 12.757188 16.365218 8.500016 14.332659 19.156303 23.603647 6.549371 8.500016 9.025217 13.973553 13.985636 7.833849
14.563109 14.264120 9.025217 8.500016 9.025217 14.332659 6.363470 13.985636 10.938199 8.500016 0.000000 8.500016 12.757188 16.365218 6.363470 14.332659 19.156303 23.603647 8.500016 5.896250 9.025217 13.973553 13.985636 8.500016
14.563109 14.264120 9.025217 6.549371 9.025217 14.332659 8.500016 13.985636 10.938199 6.449034 8.500016 0.000000 12.757188 16.365218 8.500016 14.332659 19.156303 23.603647 6.549371 8.500016 9.025217 13.973553 13.985636 7.833849
14.563109 14.264120 12.757188 12.757188 12.757188 14.332659 12.757188 13.985636 12.757188 12.757188 12.757188 12.757188 0.000000 16.365218 12.757188 14.332659 19.156303 23.603647 12.757188 12.757188 12.757188 13.973553 13.985636 12.757188
16.365218 16.365218 16.365218 16.365218 16.365218 16.365218 16.365218 16.365218 16.365218 16.365218 16.365218 16.365218 16.365218 0.000000 16.365218 16.365218 19.156303 23.603647 16.365218 16.365218 16.365218 16.365218 16.365218 16.365218
14.563109 14.264120 9.025217 8.500016 9.025217 14.332659 6.107261 13.985636 10.938199 8.500016 6.363470 8.500016 12.757188 16.365218 0.000000 14.332659 19.156303 23.603647 8.500016 6.363470 9.025217 13.973553 13.985636 8.500016
14.563109 14.332659 14.332659 14.332659 14.332659 12.379022 14.332659 14.332659 14.332659 14.332659 14.332659 14.332659 14.332659 16.365218 14.332659 0.000000 19.156303 23.603647 14.332659 14.332659 14.332659 14.332659 14.332659 14.332659
19.156303 19.156303 19.156303 19.156303 19.156303 19.156303 19.156303 19.156303 19.156303 19.156303 19.156303 19.156303 19.156303 19.156303 19.156303 19.156303 0.000000 23.603647 19.156303 19.156303 19.156303 19.156303 19.156303 19.156303
23.603647 23.603647 23.603647 23.603647 23.603647 23.603647 23.603647 23.603647 23.603647 23.603647 23.603647 23.603647 23.603647 23.603647 23.603647 23.603647 23.603647 0.000000 23.603647 23.603647 23.603647 23.603647 23.603647 23.603647
14.563109 14.264120 9.025217 5.051201 9.025217 14.332659 8.500016 13.985636 10.938199 6.549371 8.500016 6.549371 12.757188 16.365218 8.500016 14.332659 19.156303 23.603647 0.000000 8.500016 9.025217 13.973553 13.985636 7.833849
14.563109 14.264120 9.025217 8.500016 9.025217 14.332659 6.363470 13.985636 10.938199 8.500016 5.896250 8.500016 12.757188 16.365218 6.363470 14.332659 19.156303 23.603647 8.500016 0.000000 9.025217 13.973553 13.985636 8.500016
14.563109 14.264120 8.041998 9.025217 8.041998 14.332659 9.025217 13.985636 10.938199 9.025217 9.025217 9.025217 12.757188 16.365218 9.025217 14.332659 19.156303 23.603647 9.025217 9.025217 0.000000 13.973553 13.985636 9.025217
14.563109 14.264120 13.973553 13.973553 13.973553 14.332659 13.973553 13.985636 13.973553 13.973553 13.973553 13.973553 13.973553 16.365218 13.973553 14.332659 19.156303 23.603647 13.973553 13.973553 13.973553 0.000000 13.985636 13.973553
14.563109 14.264120 13.985636 13.985636 13.985636 14.332659 13.985636 8.018821 13.985636 13.985636 13.985636 13.985636 13.985636 16.365218 13.985636 14.332659 19.156303 23.603647 13.985636 13.985636 13.985636 13.985636 0.000000 13.985636
14.563109 14.264120 9.025217 7.833849 9.025217 14.332659 8.500016 13.985636 10.938199 7.833849 8.500016 7.833849 12.757188 16.365218 8.500016 14.332659 19.156303 23.603647 7.833849 8.500016 9.025217 13.973553 13.985636 0.000000
