Max
Menor Valor:
5.051201
Indices del menor Valor en la Matriz: 
(3, 18)
Menor Valor:
5.89625
Indices del menor Valor en la Matriz: 
(9, 17)
Menor Valor:
6.107261
Indices del menor Valor en la Matriz: 
(5, 12)
Menor Valor:
6.208849
Indices del menor Valor en la Matriz: 
(2, 3)
Menor Valor:
6.449034
Indices del menor Valor en la Matriz: 
(5, 6)
Menor Valor:
8.018821
Indices del menor Valor en la Matriz: 
(3, 12)
Menor Valor:
9.025217
Indices del menor Valor en la Matriz: 
(9, 11)
Menor Valor:
9.068033
Indices del menor Valor en la Matriz: 
(11, 12)
Menor Valor:
12.203479
Indices del menor Valor en la Matriz: 
(10, 12)
Menor Valor:
12.379022
Indices del menor Valor en la Matriz: 
(2, 6)
Menor Valor:
12.674225
Indices del menor Valor en la Matriz: 
(2, 10)
Menor Valor:
14.159531
Indices del menor Valor en la Matriz: 
(9, 10)
Menor Valor:
14.26412
Indices del menor Valor en la Matriz: 
(1, 6)
Menor Valor:
15.950262
Indices del menor Valor en la Matriz: 
(5, 8)
Menor Valor:
17.94159
Indices del menor Valor en la Matriz: 
(1, 2)
Menor Valor:
21.11358
Indices del menor Valor en la Matriz: 
(4, 6)
Menor Valor:
22.030579
Indices del menor Valor en la Matriz: 
(0, 5)
Menor Valor:
24.120915
Indices del menor Valor en la Matriz: 
(3, 4)
Menor Valor:
32.249749
Indices del menor Valor en la Matriz: 
(0, 3)
Menor Valor:
42.448918
Indices del menor Valor en la Matriz: 
(2, 3)
Menor Valor:
46.123421
Indices del menor Valor en la Matriz: 
(0, 2)
Menor Valor:
49.379983
Indices del menor Valor en la Matriz: 
(0, 1)
Matrix cofenetica de Max
0.000000 67.954982 22.030579 42.448918 22.030579 67.954982 42.448918 49.379983 22.030579 42.448918 42.448918 42.448918 42.448918 42.448918 42.448918 67.954982 67.954982 67.954982 42.448918 42.448918 22.030579 67.954982 49.379983 22.030579
67.954982 0.000000 67.954982 67.954982 67.954982 21.113580 67.954982 67.954982 67.954982 67.954982 67.954982 67.954982 67.954982 67.954982 67.954982 21.113580 32.249749 46.123421 67.954982 67.954982 67.954982 14.264120 67.954982 67.954982
22.030579 67.954982 0.000000 42.448918 6.208849 67.954982 42.448918 49.379983 15.950262 42.448918 42.448918 42.448918 42.448918 42.448918 42.448918 67.954982 67.954982 67.954982 42.448918 42.448918 15.950262 67.954982 49.379983 15.950262
42.448918 67.954982 42.448918 0.000000 42.448918 67.954982 14.159531 49.379983 42.448918 12.203479 14.159531 12.203479 24.120915 24.120915 14.159531 67.954982 67.954982 67.954982 5.051201 14.159531 42.448918 67.954982 49.379983 42.448918
22.030579 67.954982 6.208849 42.448918 0.000000 67.954982 42.448918 49.379983 15.950262 42.448918 42.448918 42.448918 42.448918 42.448918 42.448918 67.954982 67.954982 67.954982 42.448918 42.448918 15.950262 67.954982 49.379983 15.950262
67.954982 21.113580 67.954982 67.954982 67.954982 0.000000 67.954982 67.954982 67.954982 67.954982 67.954982 67.954982 67.954982 67.954982 67.954982 12.379022 32.249749 46.123421 67.954982 67.954982 67.954982 21.113580 67.954982 67.954982
42.448918 67.954982 42.448918 14.159531 42.448918 67.954982 0.000000 49.379983 42.448918 14.159531 9.068033 14.159531 24.120915 24.120915 6.107261 67.954982 67.954982 67.954982 14.159531 9.068033 42.448918 67.954982 49.379983 42.448918
49.379983 67.954982 49.379983 49.379983 49.379983 67.954982 49.379983 0.000000 49.379983 49.379983 49.379983 49.379983 49.379983 49.379983 49.379983 67.954982 67.954982 67.954982 49.379983 49.379983 49.379983 67.954982 8.018821 49.379983
22.030579 67.954982 15.950262 42.448918 15.950262 67.954982 42.448918 49.379983 0.000000 42.448918 42.448918 42.448918 42.448918 42.448918 42.448918 67.954982 67.954982 67.954982 42.448918 42.448918 12.674225 67.954982 49.379983 12.674225
42.448918 67.954982 42.448918 12.203479 42.448918 67.954982 14.159531 49.379983 42.448918 0.000000 14.159531 6.449034 24.120915 24.120915 14.159531 67.954982 67.954982 67.954982 12.203479 14.159531 42.448918 67.954982 49.379983 42.448918
42.448918 67.954982 42.448918 14.159531 42.448918 67.954982 9.068033 49.379983 42.448918 14.159531 0.000000 14.159531 24.120915 24.120915 9.068033 67.954982 67.954982 67.954982 14.159531 5.896250 42.448918 67.954982 49.379983 42.448918
42.448918 67.954982 42.448918 12.203479 42.448918 67.954982 14.159531 49.379983 42.448918 6.449034 14.159531 0.000000 24.120915 24.120915 14.159531 67.954982 67.954982 67.954982 12.203479 14.159531 42.448918 67.954982 49.379983 42.448918
42.448918 67.954982 42.448918 24.120915 42.448918 67.954982 24.120915 49.379983 42.448918 24.120915 24.120915 24.120915 0.000000 17.941590 24.120915 67.954982 67.954982 67.954982 24.120915 24.120915 42.448918 67.954982 49.379983 42.448918
42.448918 67.954982 42.448918 24.120915 42.448918 67.954982 24.120915 49.379983 42.448918 24.120915 24.120915 24.120915 17.941590 0.000000 24.120915 67.954982 67.954982 67.954982 24.120915 24.120915 42.448918 67.954982 49.379983 42.448918
42.448918 67.954982 42.448918 14.159531 42.448918 67.954982 6.107261 49.379983 42.448918 14.159531 9.068033 14.159531 24.120915 24.120915 0.000000 67.954982 67.954982 67.954982 14.159531 9.068033 42.448918 67.954982 49.379983 42.448918
67.954982 21.113580 67.954982 67.954982 67.954982 12.379022 67.954982 67.954982 67.954982 67.954982 67.954982 67.954982 67.954982 67.954982 67.954982 0.000000 32.249749 46.123421 67.954982 67.954982 67.954982 21.113580 67.954982 67.954982
67.954982 32.249749 67.954982 67.954982 67.954982 32.249749 67.954982 67.954982 67.954982 67.954982 67.954982 67.954982 67.954982 67.954982 67.954982 32.249749 0.000000 46.123421 67.954982 67.954982 67.954982 32.249749 67.954982 67.954982
67.954982 46.123421 67.954982 67.954982 67.954982 46.123421 67.954982 67.954982 67.954982 67.954982 67.954982 67.954982 67.954982 67.954982 67.954982 46.123421 46.123421 0.000000 67.954982 67.954982 67.954982 46.123421 67.954982 67.954982
42.448918 67.954982 42.448918 5.051201 42.448918 67.954982 14.159531 49.379983 42.448918 12.203479 14.159531 12.203479 24.120915 24.120915 14.159531 67.954982 67.954982 67.954982 0.000000 14.159531 42.448918 67.954982 49.379983 42.448918
42.448918 67.954982 42.448918 14.159531 42.448918 67.954982 9.068033 49.379983 42.448918 14.159531 5.896250 14.159531 24.120915 24.120915 9.068033 67.954982 67.954982 67.954982 14.159531 0.000000 42.448918 67.954982 49.379983 42.448918
22.030579 67.954982 15.950262 42.448918 15.950262 67.954982 42.448918 49.379983 12.674225 42.448918 42.448918 42.448918 42.448918 42.448918 42.448918 67.954982 67.954982 67.954982 42.448918 42.448918 0.000000 67.954982 49.379983 9.025217
67.954982 14.264120 67.954982 67.954982 67.954982 21.113580 67.954982 67.954982 67.954982 67.954982 67.954982 67.954982 67.954982 67.954982 67.954982 21.113580 32.249749 46.123421 67.954982 67.954982 67.954982 0.000000 67.954982 67.954982
49.379983 67.954982 49.379983 49.379983 49.379983 67.954982 49.379983 8.018821 49.379983 49.379983 49.379983 49.379983 49.379983 49.379983 49.379983 67.954982 67.954982 67.954982 49.379983 49.379983 49.379983 67.954982 0.000000 49.379983
22.030579 67.954982 15.950262 42.448918 15.950262 67.954982 42.448918 49.379983 12.674225 42.448918 42.448918 42.448918 42.448918 42.448918 42.448918 67.954982 67.954982 67.954982 42.448918 42.448918 9.025217 67.954982 49.379983 0.000000
