Avg
Menor Valor:
5.051201
Indices del menor Valor en la Matriz:
(3, 18)
Menor Valor:
5.89625
Indices del menor Valor en la Matriz:
(9, 17)
Menor Valor:
6.107261
Indices del menor Valor en la Matriz:
(5, 12)
Menor Valor:
6.208849
Indices del menor Valor en la Matriz:
(2, 3)
Menor Valor:
6.449034
Indices del menor Valor en la Matriz:
(5, 6)
Menor Valor:
8.018821
Indices del menor Valor en la Matriz:
(3, 12)
Menor Valor:
8.183068250000002
Indices del menor Valor en la Matriz:
(13, 14)
Menor Valor:
8.9830525
Indices del menor Valor en la Matriz:
(9, 13)
Menor Valor:
9.174266750000001
Indices del menor Valor en la Matriz:
(11, 12)
Menor Valor:
10.73656025
Indices del menor Valor en la Matriz:
(10, 14)
Menor Valor:
11.9963805625
Indices del menor Valor en la Matriz:
(11, 13)
Menor Valor:
12.15278875
Indices del menor Valor en la Matriz:
(3, 11)
Menor Valor:
12.379022
Indices del menor Valor en la Matriz:
(2, 5)
Menor Valor:
14.26412
Indices del menor Valor en la Matriz:
(1, 6)
Menor Valor:
15.466631125000001
Indices del menor Valor en la Matriz:
(0, 7)
Menor Valor:
15.668806250000001
Indices del menor Valor en la Matriz:
(0, 5)
Menor Valor:
17.77562925
Indices del menor Valor en la Matriz:
(4, 5)
Menor Valor:
19.7364546875
Indices del menor Valor en la Matriz:
(0, 5)
Menor Valor:
26.91865775
Indices del menor Valor en la Matriz:
(0, 4)
Menor Valor:
28.03792446875
Indices del menor Valor en la Matriz:
(1, 3)
Menor Valor:
33.4496359765625
Indices del menor Valor en la Matriz:
(1, 3)
Menor Valor:
39.228466624999996
Indices del menor Valor en la Matriz:
(0, 1)
Matrix cofenetica de Avg
0.000000 51.152665 15.466631 33.449636 15.466631 51.152665 33.449636 33.449636 15.466631 33.449636 33.449636 33.449636 33.449636 33.449636 33.449636 51.152665 51.152665 51.152665 33.449636 33.449636 15.466631 51.152665 33.449636 33.449636
51.152665 0.000000 51.152665 51.152665 51.152665 17.775629 51.152665 51.152665 51.152665 51.152665 51.152665 51.152665 51.152665 51.152665 51.152665 17.775629 26.918658 39.228467 51.152665 51.152665 51.152665 14.264120 51.152665 51.152665
15.466631 51.152665 0.000000 33.449636 6.208849 51.152665 33.449636 33.449636 12.152789 33.449636 33.449636 33.449636 33.449636 33.449636 33.449636 51.152665 51.152665 51.152665 33.449636 33.449636 8.983052 51.152665 33.449636 33.449636
33.449636 51.152665 33.449636 0.000000 33.449636 51.152665 11.996381 28.037924 33.449636 9.174267 11.996381 9.174267 15.668806 19.736455 11.996381 51.152665 51.152665 51.152665 5.051201 11.996381 33.449636 51.152665 28.037924 10.736560
15.466631 51.152665 6.208849 33.449636 0.000000 51.152665 33.449636 33.449636 12.152789 33.449636 33.449636 33.449636 33.449636 33.449636 33.449636 51.152665 51.152665 51.152665 33.449636 33.449636 8.983052 51.152665 33.449636 33.449636
51.152665 17.775629 51.152665 51.152665 51.152665 0.000000 51.152665 51.152665 51.152665 51.152665 51.152665 51.152665 51.152665 51.152665 51.152665 12.379022 26.918658 39.228467 51.152665 51.152665 51.152665 17.775629 51.152665 51.152665
33.449636 51.152665 33.449636 11.996381 33.449636 51.152665 0.000000 28.037924 33.449636 11.996381 8.183068 11.996381 15.668806 19.736455 6.107261 51.152665 51.152665 51.152665 11.996381 8.183068 33.449636 51.152665 28.037924 11.996381
33.449636 51.152665 33.449636 28.037924 33.449636 51.152665 28.037924 0.000000 33.449636 28.037924 28.037924 28.037924 28.037924 28.037924 28.037924 51.152665 51.152665 51.152665 28.037924 28.037924 33.449636 51.152665 8.018821 28.037924
15.466631 51.152665 12.152789 33.449636 12.152789 51.152665 33.449636 33.449636 0.000000 33.449636 33.449636 33.449636 33.449636 33.449636 33.449636 51.152665 51.152665 51.152665 33.449636 33.449636 12.152789 51.152665 33.449636 33.449636
33.449636 51.152665 33.449636 9.174267 33.449636 51.152665 11.996381 28.037924 33.449636 0.000000 11.996381 6.449034 15.668806 19.736455 11.996381 51.152665 51.152665 51.152665 9.174267 11.996381 33.449636 51.152665 28.037924 10.736560
33.449636 51.152665 33.449636 11.996381 33.449636 51.152665 8.183068 28.037924 33.449636 11.996381 0.000000 11.996381 15.668806 19.736455 8.183068 51.152665 51.152665 51.152665 11.996381 5.896250 33.449636 51.152665 28.037924 11.996381
33.449636 51.152665 33.449636 9.174267 33.449636 51.152665 11.996381 28.037924 33.449636 6.449034 11.996381 0.000000 15.668806 19.736455 11.996381 51.152665 51.152665 51.152665 9.174267 11.996381 33.449636 51.152665 28.037924 10.736560
33.449636 51.152665 33.449636 15.668806 33.449636 51.152665 15.668806 28.037924 33.449636 15.668806 15.668806 15.668806 0.000000 19.736455 15.668806 51.152665 51.152665 51.152665 15.668806 15.668806 33.449636 51.152665 28.037924 15.668806
33.449636 51.152665 33.449636 19.736455 33.449636 51.152665 19.736455 28.037924 33.449636 19.736455 19.736455 19.736455 19.736455 0.000000 19.736455 51.152665 51.152665 51.152665 19.736455 19.736455 33.449636 51.152665 28.037924 19.736455
33.449636 51.152665 33.449636 11.996381 33.449636 51.152665 6.107261 28.037924 33.449636 11.996381 8.183068 11.996381 15.668806 19.736455 0.000000 51.152665 51.152665 51.152665 11.996381 8.183068 33.449636 51.152665 28.037924 11.996381
51.152665 17.775629 51.152665 51.152665 51.152665 12.379022 51.152665 51.152665 51.152665 51.152665 51.152665 51.152665 51.152665 51.152665 51.152665 0.000000 26.918658 39.228467 51.152665 51.152665 51.152665 17.775629 51.152665 51.152665
51.152665 26.918658 51.152665 51.152665 51.152665 26.918658 51.152665 51.152665 51.152665 51.152665 51.152665 51.152665 51.152665 51.152665 51.152665 26.918658 0.000000 39.228467 51.152665 51.152665 51.152665 26.918658 51.152665 51.152665
51.152665 39.228467 51.152665 51.152665 51.152665 39.228467 51.152665 51.152665 51.152665 51.152665 51.152665 51.152665 51.152665 51.152665 51.152665 39.228467 39.228467 0.000000 51.152665 51.152665 51.152665 39.228467 51.152665 51.152665
33.449636 51.152665 33.449636 5.051201 33.449636 51.152665 11.996381 28.037924 33.449636 9.174267 11.996381 9.174267 15.668806 19.736455 11.996381 51.152665 51.152665 51.152665 0.000000 11.996381 33.449636 51.152665 28.037924 10.736560
33.449636 51.152665 33.449636 11.996381 33.449636 51.152665 8.183068 28.037924 33.449636 11.996381 5.896250 11.996381 15.668806 19.736455 8.183068 51.152665 51.152665 51.152665 11.996381 0.000000 33.449636 51.152665 28.037924 11.996381
15.466631 51.152665 8.983052 33.449636 8.983052 51.152665 33.449636 33.449636 12.152789 33.449636 33.449636 33.449636 33.449636 33.449636 33.449636 51.152665 51.152665 51.152665 33.449636 33.449636 0.000000 51.152665 33.449636 33.449636
51.152665 14.264120 51.152665 51.152665 51.152665 17.775629 51.152665 51.152665 51.152665 51.152665 51.152665 51.152665 51.152665 51.152665 51.152665 17.775629 26.918658 39.228467 51.152665 51.152665 51.152665 0.000000 51.152665 51.152665
33.449636 51.152665 33.449636 28.037924 33.449636 51.152665 28.037924 8.018821 33.449636 28.037924 28.037924 28.037924 28.037924 28.037924 28.037924 51.152665 51.152665 51.152665 28.037924 28.037924 33.449636 51.152665 0.000000 28.037924
33.449636 51.152665 33.449636 10.736560 33.449636 51.152665 11.996381 28.037924 33.449636 10.736560 11.996381 10.736560 15.668806 19.736455 11.996381 51.152665 51.152665 51.152665 10.736560 11.996381 33.449636 51.152665 28.037924 0.000000


Max
Menor Valor:
5.051201
Indices del menor Valor en la Matriz:
(3, 18)
Menor Valor:
5.89625
Indices del menor Valor en la Matriz:
(9, 17)
Menor Valor:
6.107261
Indices del menor Valor en la Matriz:
(5, 12)
Menor Valor:
6.208849
Indices del menor Valor en la Matriz:
(2, 3)
Menor Valor:
6.449034
Indices del menor Valor en la Matriz:
(5, 6)
Menor Valor:
8.018821
Indices del menor Valor en la Matriz:
(3, 12)
Menor Valor:
9.025217
Indices del menor Valor en la Matriz:
(9, 11)
Menor Valor:
9.068033
Indices del menor Valor en la Matriz:
(11, 12)
Menor Valor:
12.203479
Indices del menor Valor en la Matriz:
(10, 12)
Menor Valor:
12.379022
Indices del menor Valor en la Matriz:
(2, 6)
Menor Valor:
12.674225
Indices del menor Valor en la Matriz:
(2, 10)
Menor Valor:
14.159531
Indices del menor Valor en la Matriz:
(9, 10)
Menor Valor:
14.26412
Indices del menor Valor en la Matriz:
(1, 6)
Menor Valor:
15.950262
Indices del menor Valor en la Matriz:
(5, 8)
Menor Valor:
17.94159
Indices del menor Valor en la Matriz:
(1, 2)
Menor Valor:
21.11358
Indices del menor Valor en la Matriz:
(4, 6)
Menor Valor:
22.030579
Indices del menor Valor en la Matriz:
(0, 5)
Menor Valor:
24.120915
Indices del menor Valor en la Matriz:
(3, 4)
Menor Valor:
32.249749
Indices del menor Valor en la Matriz:
(0, 3)
Menor Valor:
42.448918
Indices del menor Valor en la Matriz:
(2, 3)
Menor Valor:
46.123421
Indices del menor Valor en la Matriz:
(0, 2)
Menor Valor:
49.379983
Indices del menor Valor en la Matriz:
(0, 1)
Matrix cofenetica de Max
0.000000 67.954982 22.030579 42.448918 22.030579 67.954982 42.448918 49.379983 22.030579 42.448918 42.448918 42.448918 42.448918 42.448918 42.448918 67.954982 67.954982 67.954982 42.448918 42.448918 22.030579 67.954982 49.379983 22.030579
67.954982 0.000000 67.954982 67.954982 67.954982 21.113580 67.954982 67.954982 67.954982 67.954982 67.954982 67.954982 67.954982 67.954982 67.954982 21.113580 32.249749 46.123421 67.954982 67.954982 67.954982 14.264120 67.954982 67.954982
22.030579 67.954982 0.000000 42.448918 6.208849 67.954982 42.448918 49.379983 15.950262 42.448918 42.448918 42.448918 42.448918 42.448918 42.448918 67.954982 67.954982 67.954982 42.448918 42.448918 15.950262 67.954982 49.379983 15.950262
42.448918 67.954982 42.448918 0.000000 42.448918 67.954982 14.159531 49.379983 42.448918 12.203479 14.159531 12.203479 24.120915 24.120915 14.159531 67.954982 67.954982 67.954982 5.051201 14.159531 42.448918 67.954982 49.379983 42.448918
22.030579 67.954982 6.208849 42.448918 0.000000 67.954982 42.448918 49.379983 15.950262 42.448918 42.448918 42.448918 42.448918 42.448918 42.448918 67.954982 67.954982 67.954982 42.448918 42.448918 15.950262 67.954982 49.379983 15.950262
67.954982 21.113580 67.954982 67.954982 67.954982 0.000000 67.954982 67.954982 67.954982 67.954982 67.954982 67.954982 67.954982 67.954982 67.954982 12.379022 32.249749 46.123421 67.954982 67.954982 67.954982 21.113580 67.954982 67.954982
42.448918 67.954982 42.448918 14.159531 42.448918 67.954982 0.000000 49.379983 42.448918 14.159531 9.068033 14.159531 24.120915 24.120915 6.107261 67.954982 67.954982 67.954982 14.159531 9.068033 42.448918 67.954982 49.379983 42.448918
49.379983 67.954982 49.379983 49.379983 49.379983 67.954982 49.379983 0.000000 49.379983 49.379983 49.379983 49.379983 49.379983 49.379983 49.379983 67.954982 67.954982 67.954982 49.379983 49.379983 49.379983 67.954982 8.018821 49.379983
22.030579 67.954982 15.950262 42.448918 15.950262 67.954982 42.448918 49.379983 0.000000 42.448918 42.448918 42.448918 42.448918 42.448918 42.448918 67.954982 67.954982 67.954982 42.448918 42.448918 12.674225 67.954982 49.379983 12.674225
42.448918 67.954982 42.448918 12.203479 42.448918 67.954982 14.159531 49.379983 42.448918 0.000000 14.159531 6.449034 24.120915 24.120915 14.159531 67.954982 67.954982 67.954982 12.203479 14.159531 42.448918 67.954982 49.379983 42.448918
42.448918 67.954982 42.448918 14.159531 42.448918 67.954982 9.068033 49.379983 42.448918 14.159531 0.000000 14.159531 24.120915 24.120915 9.068033 67.954982 67.954982 67.954982 14.159531 5.896250 42.448918 67.954982 49.379983 42.448918
42.448918 67.954982 42.448918 12.203479 42.448918 67.954982 14.159531 49.379983 42.448918 6.449034 14.159531 0.000000 24.120915 24.120915 14.159531 67.954982 67.954982 67.954982 12.203479 14.159531 42.448918 67.954982 49.379983 42.448918
42.448918 67.954982 42.448918 24.120915 42.448918 67.954982 24.120915 49.379983 42.448918 24.120915 24.120915 24.120915 0.000000 17.941590 24.120915 67.954982 67.954982 67.954982 24.120915 24.120915 42.448918 67.954982 49.379983 42.448918
42.448918 67.954982 42.448918 24.120915 42.448918 67.954982 24.120915 49.379983 42.448918 24.120915 24.120915 24.120915 17.941590 0.000000 24.120915 67.954982 67.954982 67.954982 24.120915 24.120915 42.448918 67.954982 49.379983 42.448918
42.448918 67.954982 42.448918 14.159531 42.448918 67.954982 6.107261 49.379983 42.448918 14.159531 9.068033 14.159531 24.120915 24.120915 0.000000 67.954982 67.954982 67.954982 14.159531 9.068033 42.448918 67.954982 49.379983 42.448918
67.954982 21.113580 67.954982 67.954982 67.954982 12.379022 67.954982 67.954982 67.954982 67.954982 67.954982 67.954982 67.954982 67.954982 67.954982 0.000000 32.249749 46.123421 67.954982 67.954982 67.954982 21.113580 67.954982 67.954982
67.954982 32.249749 67.954982 67.954982 67.954982 32.249749 67.954982 67.954982 67.954982 67.954982 67.954982 67.954982 67.954982 67.954982 67.954982 32.249749 0.000000 46.123421 67.954982 67.954982 67.954982 32.249749 67.954982 67.954982
67.954982 46.123421 67.954982 67.954982 67.954982 46.123421 67.954982 67.954982 67.954982 67.954982 67.954982 67.954982 67.954982 67.954982 67.954982 46.123421 46.123421 0.000000 67.954982 67.954982 67.954982 46.123421 67.954982 67.954982
42.448918 67.954982 42.448918 5.051201 42.448918 67.954982 14.159531 49.379983 42.448918 12.203479 14.159531 12.203479 24.120915 24.120915 14.159531 67.954982 67.954982 67.954982 0.000000 14.159531 42.448918 67.954982 49.379983 42.448918
42.448918 67.954982 42.448918 14.159531 42.448918 67.954982 9.068033 49.379983 42.448918 14.159531 5.896250 14.159531 24.120915 24.120915 9.068033 67.954982 67.954982 67.954982 14.159531 0.000000 42.448918 67.954982 49.379983 42.448918
22.030579 67.954982 15.950262 42.448918 15.950262 67.954982 42.448918 49.379983 12.674225 42.448918 42.448918 42.448918 42.448918 42.448918 42.448918 67.954982 67.954982 67.954982 42.448918 42.448918 0.000000 67.954982 49.379983 9.025217
67.954982 14.264120 67.954982 67.954982 67.954982 21.113580 67.954982 67.954982 67.954982 67.954982 67.954982 67.954982 67.954982 67.954982 67.954982 21.113580 32.249749 46.123421 67.954982 67.954982 67.954982 0.000000 67.954982 67.954982
49.379983 67.954982 49.379983 49.379983 49.379983 67.954982 49.379983 8.018821 49.379983 49.379983 49.379983 49.379983 49.379983 49.379983 49.379983 67.954982 67.954982 67.954982 49.379983 49.379983 49.379983 67.954982 0.000000 49.379983
22.030579 67.954982 15.950262 42.448918 15.950262 67.954982 42.448918 49.379983 12.674225 42.448918 42.448918 42.448918 42.448918 42.448918 42.448918 67.954982 67.954982 67.954982 42.448918 42.448918 9.025217 67.954982 49.379983 0.000000


Min
Menor Valor:
5.051201
Indices del menor Valor en la Matriz:
(3, 18)
Menor Valor:
5.89625
Indices del menor Valor en la Matriz:
(9, 17)
Menor Valor:
6.107261
Indices del menor Valor en la Matriz:
(5, 12)
Menor Valor:
6.208849
Indices del menor Valor en la Matriz:
(2, 3)
Menor Valor:
6.36347
Indices del menor Valor en la Matriz:
(17, 18)
Menor Valor:
6.449034
Indices del menor Valor en la Matriz:
(5, 6)
Menor Valor:
6.549371
Indices del menor Valor en la Matriz:
(14, 17)
Menor Valor:
7.833849
Indices del menor Valor en la Matriz:
(13, 16)
Menor Valor:
8.018821
Indices del menor Valor en la Matriz:
(3, 12)
Menor Valor:
8.041998
Indices del menor Valor en la Matriz:
(9, 11)
Menor Valor:
8.500016
Indices del menor Valor en la Matriz:
(10, 11)
Menor Valor:
9.025217
Indices del menor Valor en la Matriz:
(11, 12)
Menor Valor:
10.938199
Indices del menor Valor en la Matriz:
(3, 11)
Menor Valor:
12.379022
Indices del menor Valor en la Matriz:
(2, 5)
Menor Valor:
12.757188
Indices del menor Valor en la Matriz:
(2, 8)
Menor Valor:
13.973553
Indices del menor Valor en la Matriz:
(5, 8)
Menor Valor:
13.985636
Indices del menor Valor en la Matriz:
(5, 7)
Menor Valor:
14.26412
Indices del menor Valor en la Matriz:
(1, 6)
Menor Valor:
14.332659
Indices del menor Valor en la Matriz:
(4, 5)
Menor Valor:
14.563109
Indices del menor Valor en la Matriz:
(0, 4)
Menor Valor:
16.365218
Indices del menor Valor en la Matriz:
(0, 3)
Menor Valor:
19.156303
Indices del menor Valor en la Matriz:
(0, 2)
Matrix cofenetica de Min
0.000000 14.563109 14.563109 14.563109 14.563109 14.563109 14.563109 14.563109 14.563109 14.563109 14.563109 14.563109 14.563109 16.365218 14.563109 14.563109 19.156303 23.603647 14.563109 14.563109 14.563109 14.563109 14.563109 14.563109
14.563109 0.000000 14.264120 14.264120 14.264120 14.332659 14.264120 14.264120 14.264120 14.264120 14.264120 14.264120 14.264120 16.365218 14.264120 14.332659 19.156303 23.603647 14.264120 14.264120 14.264120 14.264120 14.264120 14.264120
14.563109 14.264120 0.000000 9.025217 6.208849 14.332659 9.025217 13.985636 10.938199 9.025217 9.025217 9.025217 12.757188 16.365218 9.025217 14.332659 19.156303 23.603647 9.025217 9.025217 8.041998 13.973553 13.985636 9.025217
14.563109 14.264120 9.025217 0.000000 9.025217 14.332659 8.500016 13.985636 10.938199 6.549371 8.500016 6.549371 12.757188 16.365218 8.500016 14.332659 19.156303 23.603647 5.051201 8.500016 9.025217 13.973553 13.985636 7.833849
14.563109 14.264120 6.208849 9.025217 0.000000 14.332659 9.025217 13.985636 10.938199 9.025217 9.025217 9.025217 12.757188 16.365218 9.025217 14.332659 19.156303 23.603647 9.025217 9.025217 8.041998 13.973553 13.985636 9.025217
14.563109 14.332659 14.332659 14.332659 14.332659 0.000000 14.332659 14.332659 14.332659 14.332659 14.332659 14.332659 14.332659 16.365218 14.332659 12.379022 19.156303 23.603647 14.332659 14.332659 14.332659 14.332659 14.332659 14.332659
14.563109 14.264120 9.025217 8.500016 9.025217 14.332659 0.000000 13.985636 10.938199 8.500016 6.363470 8.500016 12.757188 16.365218 6.107261 14.332659 19.156303 23.603647 8.500016 6.363470 9.025217 13.973553 13.985636 8.500016
14.563109 14.264120 13.985636 13.985636 13.985636 14.332659 13.985636 0.000000 13.985636 13.985636 13.985636 13.985636 13.985636 16.365218 13.985636 14.332659 19.156303 23.603647 13.985636 13.985636 13.985636 13.985636 8.018821 13.985636
14.563109 14.264120 10.938199 10.938199 10.938199 14.332659 10.938199 13.985636 0.000000 10.938199 10.938199 10.938199 12.757188 16.365218 10.938199 14.332659 19.156303 23.603647 10.938199 10.938199 10.938199 13.973553 13.985636 10.938199
14.563109 14.264120 9.025217 6.549371 9.025217 14.332659 8.500016 13.985636 10.938199 0.000000 8.500016 6.449034 12.757188 16.365218 8.500016 14.332659 19.156303 23.603647 6.549371 8.500016 9.025217 13.973553 13.985636 7.833849
14.563109 14.264120 9.025217 8.500016 9.025217 14.332659 6.363470 13.985636 10.938199 8.500016 0.000000 8.500016 12.757188 16.365218 6.363470 14.332659 19.156303 23.603647 8.500016 5.896250 9.025217 13.973553 13.985636 8.500016
14.563109 14.264120 9.025217 6.549371 9.025217 14.332659 8.500016 13.985636 10.938199 6.449034 8.500016 0.000000 12.757188 16.365218 8.500016 14.332659 19.156303 23.603647 6.549371 8.500016 9.025217 13.973553 13.985636 7.833849
14.563109 14.264120 12.757188 12.757188 12.757188 14.332659 12.757188 13.985636 12.757188 12.757188 12.757188 12.757188 0.000000 16.365218 12.757188 14.332659 19.156303 23.603647 12.757188 12.757188 12.757188 13.973553 13.985636 12.757188
16.365218 16.365218 16.365218 16.365218 16.365218 16.365218 16.365218 16.365218 16.365218 16.365218 16.365218 16.365218 16.365218 0.000000 16.365218 16.365218 19.156303 23.603647 16.365218 16.365218 16.365218 16.365218 16.365218 16.365218
14.563109 14.264120 9.025217 8.500016 9.025217 14.332659 6.107261 13.985636 10.938199 8.500016 6.363470 8.500016 12.757188 16.365218 0.000000 14.332659 19.156303 23.603647 8.500016 6.363470 9.025217 13.973553 13.985636 8.500016
14.563109 14.332659 14.332659 14.332659 14.332659 12.379022 14.332659 14.332659 14.332659 14.332659 14.332659 14.332659 14.332659 16.365218 14.332659 0.000000 19.156303 23.603647 14.332659 14.332659 14.332659 14.332659 14.332659 14.332659
19.156303 19.156303 19.156303 19.156303 19.156303 19.156303 19.156303 19.156303 19.156303 19.156303 19.156303 19.156303 19.156303 19.156303 19.156303 19.156303 0.000000 23.603647 19.156303 19.156303 19.156303 19.156303 19.156303 19.156303
23.603647 23.603647 23.603647 23.603647 23.603647 23.603647 23.603647 23.603647 23.603647 23.603647 23.603647 23.603647 23.603647 23.603647 23.603647 23.603647 23.603647 0.000000 23.603647 23.603647 23.603647 23.603647 23.603647 23.603647
14.563109 14.264120 9.025217 5.051201 9.025217 14.332659 8.500016 13.985636 10.938199 6.549371 8.500016 6.549371 12.757188 16.365218 8.500016 14.332659 19.156303 23.603647 0.000000 8.500016 9.025217 13.973553 13.985636 7.833849
14.563109 14.264120 9.025217 8.500016 9.025217 14.332659 6.363470 13.985636 10.938199 8.500016 5.896250 8.500016 12.757188 16.365218 6.363470 14.332659 19.156303 23.603647 8.500016 0.000000 9.025217 13.973553 13.985636 8.500016
14.563109 14.264120 8.041998 9.025217 8.041998 14.332659 9.025217 13.985636 10.938199 9.025217 9.025217 9.025217 12.757188 16.365218 9.025217 14.332659 19.156303 23.603647 9.025217 9.025217 0.000000 13.973553 13.985636 9.025217
14.563109 14.264120 13.973553 13.973553 13.973553 14.332659 13.973553 13.985636 13.973553 13.973553 13.973553 13.973553 13.973553 16.365218 13.973553 14.332659 19.156303 23.603647 13.973553 13.973553 13.973553 0.000000 13.985636 13.973553
14.563109 14.264120 13.985636 13.985636 13.985636 14.332659 13.985636 8.018821 13.985636 13.985636 13.985636 13.985636 13.985636 16.365218 13.985636 14.332659 19.156303 23.603647 13.985636 13.985636 13.985636 13.985636 0.000000 13.985636
14.563109 14.264120 9.025217 7.833849 9.025217 14.332659 8.500016 13.985636 10.938199 7.833849 8.500016 7.833849 12.757188 16.365218 8.500016 14.332659 19.156303 23.603647 7.833849 8.500016 9.025217 13.973553 13.985636 0.000000


Min distance:
0.777726
Max distance:
0.678776
Promedio ponderado:
0.673032
Estrategia Ganador es Distancia Minima
0.777726
